4.6 1 0.4354
0.1 1 0.009549
4.7 1 0.4447
1.9 1 0.1812
1.4 1 0.1336
4.5 1 0.4261
3.2 1 0.3043
4.2 1 0.3981
0.2 1 0.0191
5 1 0.4725
1.7 1 0.1621
1.3 1 0.1241
2.5 1 0.2381
2 1 0.1907
3.9 1 0.3701
1 1 0.09545
2.3 1 0.2192
2.8 1 0.2665
0.9 1 0.08591
1.6 1 0.1526
2.6 1 0.2476
4.1 1 0.3888
2.1 1 0.2002
4 1 0.3794
0.6 1 0.05729
0.7 1 0.06683
2.9 1 0.276
3.3 1 0.3137
3.6 1 0.3419
4.8 1 0.454
3 1 0.2854
0.3 1 0.02865
3.7 1 0.3513
0.8 1 0.07637
1.2 1 0.1145
2.2 1 0.2097
3.4 1 0.3231
2.7 1 0.257
4.9 1 0.4632
4.3 1 0.4075
0.5 1 0.04774
3.5 1 0.3325
0.4 1 0.03819
3.8 1 0.3607
3.1 1 0.2948
1.5 1 0.1431
0 1 0
1.1 1 0.105
2.4 1 0.2286
4.4 1 0.4168
1.8 1 0.1717
