3.3 1 0.086
2.4 1 0.06268
3.4 1 0.08858
4.3 1 0.1117
4.8 1 0.1245
1.2 1 0.0314
4.2 1 0.1091
1.7 1 0.04445
1 1 0.02617
2.7 1 0.07047
4.6 1 0.1194
4.7 1 0.1219
3.1 1 0.08083
1.1 1 0.02878
0.2 1 0.005236
3.2 1 0.08342
2.3 1 0.06008
3.5 1 0.09116
0.4 1 0.01047
2 1 0.05227
1.8 1 0.04706
4.5 1 0.1168
3.7 1 0.09631
1.4 1 0.03662
2.6 1 0.06788
2.1 1 0.05488
1.9 1 0.04967
0.1 1 0.002618
1.6 1 0.04184
4 1 0.104
1.5 1 0.03923
4.9 1 0.127
2.9 1 0.07566
0 1 0
3.9 1 0.1015
2.5 1 0.06528
2.8 1 0.07306
3.8 1 0.09889
0.7 1 0.01832
3 1 0.07825
0.8 1 0.02094
1.3 1 0.03401
0.6 1 0.01571
4.4 1 0.1143
4.1 1 0.1066
0.3 1 0.007854
5 1 0.1295
2.2 1 0.05748
3.6 1 0.09374
0.9 1 0.02355
0.5 1 0.01309
